      | Z |  B | C |  N |  O | T |  W |  Y |   # |  ' |  ( |   ) |  * |  , | and | as | asc | char | create | desc | from | id | index | int | num | on | or |  r | select | table | varchar | view | where |
    0 |   |    | 1 |    |    | 2 |    |    |     |    |    |     |    |    |     |    |     |      |      3 |      |      |    |       |     |     |    |    |    |        |       |         |      |       |
    1 |   |    |   |    |    |   |    |    |   0 |    |    |     |    |    |     |    |     |      |        |      |      |    |       |     |     |    |    |    |        |       |         |      |       |
    2 |   |    |   |    |    |   |    |    |  -1 |    |    |     |    |    |     |    |     |      |        |      |      |    |       |     |     |    |    |    |        |       |         |      |       |
    3 |   |    |   |    |    |   |    |    |     |    |    |     |    |    |     |    |     |      |        |      |      |    |     4 |     |     |    |    |    |        |     5 |         |    6 |       |
    4 |   |    |   |    |    |   |    |    |     |    |    |     |    |    |     |    |     |      |        |      |      |  7 |       |     |     |    |    |    |        |       |         |      |       |
    5 |   |    |   |    |    |   |    |    |     |    |    |     |    |    |     |    |     |      |        |      |      |  8 |       |     |     |    |    |    |        |       |         |      |       |
    6 |   |    |   |    |    |   |    |    |     |    |    |     |    |    |     |    |     |      |        |      |      |  9 |       |     |     |    |    |    |        |       |         |      |       |
    7 |   |    |   |    |    |   |    |    |     |    |    |     |    |    |     |    |     |      |        |      |      |    |       |     |     | 10 |    |    |        |       |         |      |       |
    8 |   |    |   |    |    |   |    |    |     |    | 11 |     |    |    |     |    |     |      |        |      |      |    |       |     |     |    |    |    |        |       |         |      |       |
    9 |   |    |   |    |    |   |    |    |     |    |    |     |    |    |     | 12 |     |      |        |      |      |    |       |     |     |    |    |    |        |       |         |      |       |
   10 |   |    |   |    |    |   |    |    |     |    |    |     |    |    |     |    |     |      |        |      |      | 13 |       |     |     |    |    |    |        |       |         |      |       |
   11 |   |    |   |    |    |   |    | 14 |     |    |    |     |    |    |     |    |     |      |        |      |      | 15 |       |     |     |    |    |    |        |       |         |      |       |
   12 |   |    |   |    |    |   |    |    |     |    |    |     |    |    |     |    |     |      |        |      |      |    |       |     |     |    |    |    |     16 |       |         |      |       |
   13 |   |    |   |    |    |   |    |    |     |    | 17 |     |    |    |     |    |     |      |        |      |      |    |       |     |     |    |    |    |        |       |         |      |       |
   14 |   |    |   |    |    |   |    |    |     |    |    |  18 |    |    |     |    |     |      |        |      |      |    |       |     |     |    |    |    |        |       |         |      |       |
   15 |   |    |   |    |    |   |    |    |     |    |    |     |    |    |     |    |     |   19 |        |      |      |    |       |  20 |     |    |    |    |        |       |      21 |      |       |
   16 |   | 22 |   |    |    |   |    |    |     |    |    |     | 23 |    |     |    |     |      |        |      |      | 24 |       |     |     |    |    |    |        |       |         |      |       |
   17 |   |    |   |    | 25 |   |    |    |     |    |    |     |    |    |     |    |     |      |        |      |      | 26 |       |     |     |    |    |    |        |       |         |      |       |
   18 |   |    |   |    |    |   |    |    |  -2 |    |    |     |    |    |     |    |     |      |        |      |      |    |       |     |     |    |    |    |        |       |         |      |       |
   19 |   |    |   |    |    |   |    |    |     |    | 27 |  -6 |    | 28 |     |    |     |      |        |      |      |    |       |     |     |    |    |    |        |       |         |      |       |
   20 |   |    |   |    |    |   |    |    |     |    |    | -10 |    | 29 |     |    |     |      |        |      |      |    |       |     |     |    |    |    |        |       |         |      |       |
   21 |   |    |   |    |    |   |    |    |     |    | 30 |     |    |    |     |    |     |      |        |      |      |    |       |     |     |    |    |    |        |       |         |      |       |
   22 |   |    |   |    |    |   |    |    |     |    |    |     |    |    |     |    |     |      |        |      |   31 |    |       |     |     |    |    |    |        |       |         |      |       |
   23 |   |    |   |    |    |   |    |    |     |    |    |     |    |    |     |    |     |      |        |      |  -17 |    |       |     |     |    |    |    |        |       |         |      |       |
   24 |   |    |   |    |    |   |    |    |     |    |    |     |    | 32 |     |    |     |      |        |      |  -16 |    |       |     |     |    |    |    |        |       |         |      |       |
   25 |   |    |   |    |    |   |    |    |     |    |    |  33 |    |    |     |    |     |      |        |      |      |    |       |     |     |    |    |    |        |       |         |      |       |
   26 |   |    |   |    |    |   |    |    |     |    |    |     |    |    |     |    |  34 |      |        |   35 |      |    |       |     |     |    |    |    |        |       |         |      |       |
   27 |   |    |   |    |    |   |    |    |     |    |    |     |    |    |     |    |     |      |        |      |      |    |       |     |  36 |    |    |    |        |       |         |      |       |
   28 |   |    |   |    |    |   |    | 37 |     |    |    |     |    |    |     |    |     |      |        |      |      | 15 |       |     |     |    |    |    |        |       |         |      |       |
   29 |   |    |   |    |    |   |    | 38 |     |    |    |     |    |    |     |    |     |      |        |      |      | 15 |       |     |     |    |    |    |        |       |         |      |       |
   30 |   |    |   |    |    |   |    |    |     |    |    |     |    |    |     |    |     |      |        |      |      |    |       |     |  39 |    |    |    |        |       |         |      |       |
   31 |   |    |   | 40 |    |   |    |    |     |    |    |     |    |    |     |    |     |      |        |      |      | 41 |       |     |     |    |    |    |        |       |         |      |       |
   32 |   | 42 |   |    |    |   |    |    |     |    |    |     | 23 |    |     |    |     |      |        |      |      | 24 |       |     |     |    |    |    |        |       |         |      |       |
   33 |   |    |   |    |    |   |    |    |  -3 |    |    |     |    |    |     |    |     |      |        |      |      |    |       |     |     |    |    |    |        |       |         |      |       |
   34 |   |    |   |    |    |   |    |    |     |    |    | -13 |    |    |     |    |     |      |        |      |      |    |       |     |     |    |    |    |        |       |         |      |       |
   35 |   |    |   |    |    |   |    |    |     |    |    | -14 |    |    |     |    |     |      |        |      |      |    |       |     |     |    |    |    |        |       |         |      |       |
   36 |   |    |   |    |    |   |    |    |     |    |    |  43 |    |    |     |    |     |      |        |      |      |    |       |     |     |    |    |    |        |       |         |      |       |
   37 |   |    |   |    |    |   |    |    |     |    |    |  -5 |    |    |     |    |     |      |        |      |      |    |       |     |     |    |    |    |        |       |         |      |       |
   38 |   |    |   |    |    |   |    |    |     |    |    |  -9 |    |    |     |    |     |      |        |      |      |    |       |     |     |    |    |    |        |       |         |      |       |
   39 |   |    |   |    |    |   |    |    |     |    |    |  44 |    |    |     |    |     |      |        |      |      |    |       |     |     |    |    |    |        |       |         |      |       |
   40 |   |    |   |    |    |   |    |    |     |    |    |     |    |    |     |    |     |      |        |      |      |    |       |     |     |    |    |    |        |       |         |      |    45 |
   41 |   |    |   |    |    |   |    |    |     |    |    |     |    | 46 |     |    |     |      |        |      |      |    |       |     |     |    |    |    |        |       |         |      |   -19 |
   42 |   |    |   |    |    |   |    |    |     |    |    |     |    |    |     |    |     |      |        |      |  -15 |    |       |     |     |    |    |    |        |       |         |      |       |
   43 |   |    |   |    |    |   |    |    |     |    |    |  -8 |    | 47 |     |    |     |      |        |      |      |    |       |     |     |    |    |    |        |       |         |      |       |
   44 |   |    |   |    |    |   |    |    |     |    |    | -12 |    | 48 |     |    |     |      |        |      |      |    |       |     |     |    |    |    |        |       |         |      |       |
   45 |   |    |   |    |    |   | 50 |    |     |    | 49 |     |    |    |     |    |     |      |        |      |      | 51 |       |     |     |    |    |    |        |       |         |      |       |
   46 |   |    |   | 52 |    |   |    |    |     |    |    |     |    |    |     |    |     |      |        |      |      | 41 |       |     |     |    |    |    |        |       |         |      |       |
   47 |   |    |   |    |    |   |    | 53 |     |    |    |     |    |    |     |    |     |      |        |      |      | 15 |       |     |     |    |    |    |        |       |         |      |       |
   48 |   |    |   |    |    |   |    | 54 |     |    |    |     |    |    |     |    |     |      |        |      |      | 15 |       |     |     |    |    |    |        |       |         |      |       |
   49 |   |    |   |    |    |   | 55 |    |     |    | 49 |     |    |    |     |    |     |      |        |      |      | 51 |       |     |     |    |    |    |        |       |         |      |       |
   50 |   |    |   |    |    |   |    |    |  -4 |    |    |     |    |    |     |    |     |      |        |      |      |    |       |     |     |    |    |    |        |       |         |      |       |
   51 |   |    |   |    |    |   |    |    |     |    |    |     |    |    |     |    |     |      |        |      |      |    |       |     |     |    |    | 56 |        |       |         |      |       |
   52 |   |    |   |    |    |   |    |    |     |    |    |     |    |    |     |    |     |      |        |      |      |    |       |     |     |    |    |    |        |       |         |      |   -18 |
   53 |   |    |   |    |    |   |    |    |     |    |    |  -7 |    |    |     |    |     |      |        |      |      |    |       |     |     |    |    |    |        |       |         |      |       |
   54 |   |    |   |    |    |   |    |    |     |    |    | -11 |    |    |     |    |     |      |        |      |      |    |       |     |     |    |    |    |        |       |         |      |       |
   55 |   |    |   |    |    |   |    |    |     |    |    |  57 |    |    |     |    |     |      |        |      |      |    |       |     |     |    |    |    |        |       |         |      |       |
   56 |   |    |   |    |    |   |    |    |     | 58 |    |     |    |    |     |    |     |      |        |      |      | 59 |       |     |  60 |    |    |    |        |       |         |      |       |
   57 |   |    |   |    |    |   |    |    | -20 |    |    | -20 |    |    |  61 |    |     |      |        |      |      |    |       |     |     |    | 62 |    |        |       |         |      |       |
   58 |   |    |   |    |    |   |    |    |     |    |    |     |    |    |     |    |     |      |        |      |      | 63 |       |     |     |    |    |    |        |       |         |      |       |
   59 |   |    |   |    |    |   |    |    | -29 |    |    | -29 |    |    |  64 |    |     |      |        |      |      |    |       |     |     |    | 65 |    |        |       |         |      |       |
   60 |   |    |   |    |    |   |    |    | -28 |    |    | -28 |    |    |  66 |    |     |      |        |      |      |    |       |     |     |    | 67 |    |        |       |         |      |       |
   61 |   |    |   |    |    |   | 68 |    |     |    | 49 |     |    |    |     |    |     |      |        |      |      | 51 |       |     |     |    |    |    |        |       |         |      |       |
   62 |   |    |   |    |    |   | 69 |    |     |    | 49 |     |    |    |     |    |     |      |        |      |      | 51 |       |     |     |    |    |    |        |       |         |      |       |
   63 |   |    |   |    |    |   |    |    |     | 70 |    |     |    |    |     |    |     |      |        |      |      |    |       |     |     |    |    |    |        |       |         |      |       |
   64 |   |    |   |    |    |   | 71 |    |     |    | 49 |     |    |    |     |    |     |      |        |      |      | 51 |       |     |     |    |    |    |        |       |         |      |       |
   65 |   |    |   |    |    |   | 72 |    |     |    | 49 |     |    |    |     |    |     |      |        |      |      | 51 |       |     |     |    |    |    |        |       |         |      |       |
   66 |   |    |   |    |    |   | 73 |    |     |    | 49 |     |    |    |     |    |     |      |        |      |      | 51 |       |     |     |    |    |    |        |       |         |      |       |
   67 |   |    |   |    |    |   | 74 |    |     |    | 49 |     |    |    |     |    |     |      |        |      |      | 51 |       |     |     |    |    |    |        |       |         |      |       |
   68 |   |    |   |    |    |   |    |    | -21 |    |    | -21 |    |    |     |    |     |      |        |      |      |    |       |     |     |    |    |    |        |       |         |      |       |
   69 |   |    |   |    |    |   |    |    | -22 |    |    | -22 |    |    |     |    |     |      |        |      |      |    |       |     |     |    |    |    |        |       |         |      |       |
   70 |   |    |   |    |    |   |    |    | -27 |    |    | -27 |    |    |  75 |    |     |      |        |      |      |    |       |     |     |    | 76 |    |        |       |         |      |       |
   71 |   |    |   |    |    |   |    |    | -30 |    |    | -30 |    |    |     |    |     |      |        |      |      |    |       |     |     |    |    |    |        |       |         |      |       |
   72 |   |    |   |    |    |   |    |    | -31 |    |    | -31 |    |    |     |    |     |      |        |      |      |    |       |     |     |    |    |    |        |       |         |      |       |
   73 |   |    |   |    |    |   |    |    | -25 |    |    | -25 |    |    |     |    |     |      |        |      |      |    |       |     |     |    |    |    |        |       |         |      |       |
   74 |   |    |   |    |    |   |    |    | -26 |    |    | -26 |    |    |     |    |     |      |        |      |      |    |       |     |     |    |    |    |        |       |         |      |       |
   75 |   |    |   |    |    |   | 77 |    |     |    | 49 |     |    |    |     |    |     |      |        |      |      | 51 |       |     |     |    |    |    |        |       |         |      |       |
   76 |   |    |   |    |    |   | 78 |    |     |    | 49 |     |    |    |     |    |     |      |        |      |      | 51 |       |     |     |    |    |    |        |       |         |      |       |
   77 |   |    |   |    |    |   |    |    | -23 |    |    | -23 |    |    |     |    |     |      |        |      |      |    |       |     |     |    |    |    |        |       |         |      |       |
   78 |   |    |   |    |    |   |    |    | -24 |    |    | -24 |    |    |     |    |     |      |        |      |      |    |       |     |     |    |    |    |        |       |         |      |       |
